		map = new int[10, 10]{
			{ 0, 0, 0, 0, 0, 0, 0, 0, 0, 0},
			{ 0, 0, 0, 0, 0, 0, 0, 0, 0, 0},
			{ 0, 0, 0, 0, 0, 2, 0, 0, 0, 0},
			{ 0, 0, 0, 0, 0, 4, 0, 0, 0, 0},
			{ 0, 0, 0, 0,29, 0, 0,14, 4, 0},
			{ 0, 0, 0, 0,29, 0, 0,14, 4, 0},
			{ 0, 0, 0, 0,29, 0, 0,14, 1, 0},
			{ 0, 0, 0, 0, 0, 4, 0, 0, 4, 0},
			{ 0, 0, 0, 0, 0, 4, 0, 0, 4, 0},
			{ 0, 0, 0, 0, 0,21, 3, 3,20, 0}
		};

		map = new int[10, 10]{
			{ 0, 0, 0, 0, 0, 0, 0, 0, 0, 0},
			{ 0, 0, 0, 0, 0, 0, 0, 0, 0, 0},
			{ 0, 0, 0, 0, 0, 0, 0, 0, 0, 0},
			{ 0, 0, 0, 0, 0, 0, 0, 0, 0, 0},
			{ 0, 0, 0, 0, 0, 0, 0, 0, 0, 0},
			{ 0, 0, 0, 0, 0, 0, 0, 0, 0, 0},
			{ 0, 0, 0, 0, 0, 0, 0, 0, 0, 0},
			{ 0, 0, 0, 0, 0, 0, 0, 0, 0, 0},
			{ 0, 0, 0, 0, 0, 0, 0, 0, 0, 0},
			{ 0, 0, 0, 0, 0, 0, 0, 0, 0, 0}
		};